(84,153)
(188,25)
(196,316)
(198,228)
(207,301)
(223,324)
(236,300)
(240,18)
(241,487)
(249,415)
(250,328)
(258,225)
(284,686)
(290,121)
(295,51)
(303,171)
(309,143)
(311,708)
(313,96)
(314,54)
(315,382)
(319,42)
(321,11)
(322,115)
(324,134)
(325,15)
(333,32)
(344,469)
(351,439)
(354,29)
(355,305)
(360,66)
(362,452)
(364,85)
(365,136)
(369,663)
(383,27)
(387,108)
(389,16)
(390,33)
(391,127)
(395,253)
(396,173)
(398,106)
(402,414)
(421,257)
(429,299)
(431,52)
(447,44)
(449,730)
(450,248)
(456,242)
(461,14)
(463,160)
(465,78)
(467,138)
(468,35)
(471,204)
(477,167)
(482,128)
(483,175)
(484,43)
(487,224)
(490,536)
(492,775)
(493,37)
(497,223)
(501,168)
(502,431)
(503,101)
(510,327)
(526,372)
(527,99)
(539,681)
(543,467)
(560,6)
(562,193)
(563,65)
(565,459)
(566,187)
(576,3)
(581,435)
(582,188)
(584,104)
(586,40)
(587,148)
(592,117)
(594,61)
(600,218)
(618,105)
(648,800)
(650,112)
(670,123)
(684,288)
(929,90)
(933,323)
(934,434)
(939,340)
(960,437)
(966,384)
(977,358)
(981,464)
(989,321)
(1006,468)
(1020,161)
(1046,454)
(1052,377)
(1064,429)
(1120,297)
(1130,318)
(1170,291)
(1193,484)
(1224,660)
(1228,442)
(1305,286)
(1405,126)
(1424,67)
(1456,535)
(1477,12)
(1489,333)
(1527,170)
(1536,398)
(1564,141)
(1567,19)
(1582,282)
(1584,145)
(1595,578)
(1638,427)
(1649,335)
(1685,550)
(1701,195)
(1733,30)
(1776,292)
(1912,190)
(1948,470)
(1982,125)
(2009,543)
(2013,352)
(2028,158)
(2032,346)
(2042,319)
(2155,22)
(2164,186)
(2166,219)
(2224,790)
(2247,747)
(2267,729)
(2269,597)
(2291,130)
(2410,1)
(2411,2)
(2412,4)
(2413,5)
(2414,7)
(2415,8)
(2416,9)
(2417,10)
(2418,13)
(2419,17)
(2420,20)
(2421,21)
(2422,23)
(2423,24)
(2424,26)
(2425,28)
(2426,31)
(2427,34)
(2428,36)
(2429,38)
(2430,39)
(2431,41)
(2432,45)
(2433,46)
(2434,47)
(2435,48)
(2436,49)
(2437,50)
(2438,53)
(2439,55)
(2440,56)
(2441,57)
(2442,58)
(2443,59)
(2444,60)
(2445,62)
(2446,63)
(2447,64)
(2448,68)
(2449,69)
(2450,70)
(2451,71)
(2452,72)
(2453,73)
(2454,74)
(2455,75)
(2456,76)
(2457,77)
(2458,79)
(2459,80)
(2460,81)
(2461,82)
(2462,83)
(2463,84)
(2464,86)
(2465,87)
(2466,88)
(2467,89)
(2468,91)
(2469,92)
(2470,93)
(2471,94)
(2472,95)
(2473,97)
(2474,98)
(2475,100)
(2476,102)
(2477,103)
(2478,107)
(2479,109)
(2480,110)
(2481,111)
(2482,113)
(2483,114)
(2484,116)
(2485,118)
(2486,119)
(2487,120)
(2488,122)
(2489,124)
(2490,129)
(2491,131)
(2492,132)
(2493,133)
(2494,135)
(2495,137)
(2496,139)
(2497,140)
(2498,142)
(2499,144)
(2500,146)
(2501,147)
(2502,154)
(2503,155)
(2504,156)
(2505,157)
(2506,159)
(2507,162)
(2508,163)
(2509,164)
(2510,165)
(2511,166)
(2512,169)
(2513,172)
(2514,174)
(2515,176)
(2516,177)
(2517,178)
(2518,179)
(2519,181)
(2520,182)
(2521,183)
(2522,184)
(2523,185)
(2524,189)
(2525,191)
(2526,192)
(2527,194)
(2528,196)
(2529,197)
(2530,198)
(2531,199)
(2532,200)
(2533,201)
(2534,202)
(2535,203)
(2536,205)
(2537,206)
(2538,207)
(2539,208)
(2540,209)
(2541,210)
(2542,211)
(2543,212)
(2544,213)
(2545,214)
(2546,215)
(2547,216)
(2548,217)
(2549,220)
(2550,221)
(2551,222)
(2552,226)
(2553,227)
(2554,229)
(2555,230)
(2556,231)
(2557,232)
(2558,233)
(2559,234)
(2560,235)
(2561,236)
(2562,237)
(2563,238)
(2564,239)
(2565,240)
(2566,241)
(2567,243)
(2568,244)
(2569,245)
(2570,246)
(2571,247)
(2572,249)
(2573,250)
(2574,251)
(2575,252)
(2576,254)
(2577,255)
(2578,256)
(2579,258)
(2580,259)
(2581,260)
(2582,261)
(2583,262)
(2584,263)
(2585,264)
(2586,265)
(2587,266)
(2588,280)
(2589,281)
(2590,283)
(2591,284)
(2592,285)
(2593,287)
(2594,290)
(2595,293)
(2596,294)
(2597,295)
(2598,296)
(2599,298)
(2600,302)
(2601,303)
(2602,304)
(2603,306)
(2604,307)
(2605,308)
(2606,309)
(2607,310)
(2608,311)
(2609,312)
(2610,313)
(2611,314)
(2612,315)
(2613,317)
(2614,320)
(2615,322)
(2616,325)
(2617,326)
(2618,329)
(2619,330)
(2620,331)
(2621,332)
(2622,334)
(2623,336)
(2624,337)
(2625,338)
(2626,339)
(2627,341)
(2628,342)
(2629,343)
(2630,344)
(2631,345)
(2632,347)
(2633,348)
(2634,349)
(2635,350)
(2636,351)
(2637,353)
(2638,354)
(2639,355)
(2640,356)
(2641,357)
(2642,359)
(2643,360)
(2644,361)
(2645,362)
(2646,363)
(2647,364)
(2648,365)
(2649,366)
(2650,367)
(2651,368)
(2652,369)
(2653,370)
(2654,371)
(2655,373)
(2656,374)
(2657,375)
(2658,376)
(2659,378)
(2660,379)
(2661,380)
(2662,381)
(2663,383)
(2664,385)
(2665,386)
(2666,387)
(2667,388)
(2668,389)
(2669,390)
(2670,391)
(2671,392)
(2672,393)
(2673,394)
(2674,395)
(2675,396)
(2676,397)
(2677,399)
(2678,400)
(2679,401)
(2680,402)
(2681,404)
(2682,405)
(2683,406)
(2684,407)
(2685,408)
(2686,409)
(2687,410)
(2688,411)
(2689,417)
(2690,418)
(2691,419)
(2692,420)
(2693,421)
(2694,422)
(2695,428)
(2696,430)
(2697,433)
(2698,436)
(2699,438)
(2700,441)
(2701,444)
(2702,445)
(2703,446)
(2704,447)
(2705,448)
(2706,449)
(2707,450)
(2708,451)
(2709,453)
(2710,455)
(2711,456)
(2712,457)
(2713,458)
(2714,460)
(2715,461)
(2716,462)
(2717,463)
(2718,465)
(2719,466)
(2720,471)
(2721,472)
(2722,473)
(2723,474)
(2724,475)
(2725,476)
(2726,477)
(2727,478)
(2728,479)
(2729,480)
(2730,481)
(2731,482)
(2732,483)
(2733,486)
(2734,489)
(2735,490)
(2736,491)
(2737,492)
(2738,493)
(2739,494)
(2740,495)
(2741,496)
(2742,497)
(2743,498)
(2744,500)
(2745,501)
(2746,502)
(2747,503)
(2748,504)
(2749,505)
(2750,506)
(2751,507)
(2752,508)
(2753,511)
(2754,512)
(2755,513)
(2756,514)
(2757,517)
(2758,518)
(2759,519)
(2760,520)
(2761,521)
(2762,522)
(2763,523)
(2764,524)
(2765,525)
(2766,526)
(2767,527)
(2768,528)
(2769,529)
(2770,530)
(2771,531)
(2772,532)
(2773,533)
(2774,534)
(2775,540)
(2776,541)
(2777,542)
(2778,544)
(2779,545)
(2780,546)
(2781,547)
(2782,548)
(2783,549)
(2784,551)
(2785,552)
(2786,553)
(2787,554)
(2788,555)
(2789,556)
(2790,557)
(2791,558)
(2792,559)
(2793,560)
(2794,561)
(2795,562)
(2796,563)
(2797,564)
(2798,565)
(2799,566)
(2800,572)
(2801,574)
(2802,575)
(2803,576)
(2804,577)
(2805,579)
(2806,580)
(2807,581)
(2808,583)
(2809,588)
(2810,590)
(2811,591)
(2812,592)
(2813,593)
(2814,594)
(2815,595)
(2816,596)
(2817,598)
(2818,599)
(2819,600)
(2820,601)
(2821,602)
(2822,603)
(2823,604)
(2824,605)
(2825,606)
(2826,608)
(2827,610)
(2828,611)
(2829,612)
(2830,613)
(2831,614)
(2832,615)
(2833,616)
(2834,617)
(2835,618)
(2836,619)
(2837,620)
(2838,622)
(2839,623)
(2840,624)
(2841,625)
(2842,626)
(2843,627)
(2844,628)
(2845,629)
(2846,630)
(2847,631)
(2848,632)
(2849,633)
(2850,634)
(2851,635)
(2852,636)
(2853,637)
(2854,638)
(2855,639)
(2856,640)
(2857,641)
(2858,642)
(2859,643)
(2860,645)
(2861,646)
(2862,647)
(2863,648)
(2864,649)
(2865,650)
(2866,651)
(2867,652)
(2868,653)
(2869,655)
(2870,656)
(2871,657)
(2872,659)
(2873,661)
(2874,662)
(2875,664)
(2876,665)
(2877,666)
(2878,667)
(2879,668)
(2880,669)
(2881,670)
(2882,671)
(2883,672)
(2884,673)
(2885,674)
(2886,675)
(2887,676)
(2888,677)
(2889,678)
(2890,679)
(2891,680)
(2892,682)
(2893,683)
(2894,684)
(2895,685)
(2896,687)
(2897,688)
(2898,689)
(2899,691)
(2900,692)
(2901,693)
(2902,694)
(2903,695)
(2904,696)
(2905,697)
(2906,698)
(2907,700)
(2908,701)
(2909,702)
(2910,703)
(2911,704)
(2912,705)
(2913,706)
(2914,709)
(2915,710)
(2916,711)
(2917,712)
(2918,713)
(2919,714)
(2920,715)
(2921,716)
(2922,717)
(2923,718)
(2924,719)
(2925,720)
(2926,721)
(2927,722)
(2928,723)
(2929,724)
(2930,725)
(2931,726)
(2932,727)
(2933,728)
(2934,731)
(2935,732)
(2936,733)
(2937,734)
(2938,735)
(2939,737)
(2940,738)
(2941,739)
(2942,740)
(2943,741)
(2944,742)
(2945,743)
(2946,744)
(2947,745)
(2948,746)
(2949,748)
(2950,750)
(2951,751)
(2952,753)
(2953,754)
(2954,755)
(2955,756)
(2956,757)
(2957,759)
(2958,760)
(2959,761)
(2960,762)
(2961,763)
(2962,764)
(2963,765)
(2964,766)
(2965,768)
(2966,769)
(2967,770)
(2968,771)
(2969,772)
(2970,773)
(2971,774)
(2972,776)
(2973,777)
(2974,778)
(2975,779)
(2976,780)
(2977,782)
(2978,783)
(2979,787)
(2980,788)
(2981,789)
(2982,792)
(2983,793)
(2984,795)
(2985,798)
(2986,799)
(2987,149)
(2988,150)
(2989,151)
(2990,152)
(2991,180)
(2992,276)
(2993,277)
(2994,278)
(2995,279)
(2996,289)
(2997,403)
(2998,412)
(2999,413)
(3000,416)
(3001,423)
(3002,424)
(3003,425)
(3004,426)
(3005,432)
(3006,440)
(3007,443)
(3008,485)
(3009,488)
(3010,499)
(3011,509)
(3012,510)
(3013,515)
(3014,516)
(3015,537)
(3016,538)
(3017,539)
(3018,567)
(3019,568)
(3020,569)
(3021,570)
(3022,571)
(3023,573)
(3024,582)
(3025,584)
(3026,585)
(3027,586)
(3028,587)
(3029,589)
(3030,607)
(3031,609)
(3032,621)
(3033,644)
(3034,654)
(3035,658)
(3036,690)
(3037,699)
(3038,707)
(3039,736)
(3040,749)
(3041,752)
(3042,758)
(3043,767)
(3044,781)
(3045,784)
(3046,785)
(3047,786)
(3048,794)
(3049,796)
(3050,797)
