(3051,154)
(3052,155)
(3053,156)
(3054,157)
(3055,158)
(3056,159)
(3057,160)
(3058,161)
(3059,162)
(3060,163)
(3061,164)
(3062,165)
(3063,167)
(3064,168)
(3065,169)
(3066,170)
(3067,171)
(3068,172)
(3069,173)
(3070,174)
(3071,175)
(3072,176)
(3073,177)
(3074,178)
(3075,179)
(3076,180)
(3077,181)
(3078,182)
(3079,183)
(3080,184)
(3081,185)
(3082,200)
(3083,201)
(3084,202)
(3085,203)
(3086,204)
(3087,205)
(3088,206)
(3089,207)
(3090,443)
(3091,444)
(3092,445)
(3093,446)
(3094,447)
(3095,448)
(3096,449)
(3097,450)
(3098,451)
(3099,452)
(3100,453)
(3101,454)
(3102,455)
(3103,456)
(3104,457)
(3105,458)
(3106,459)
(3107,460)
(3108,461)
(3109,462)
(3110,463)
(3111,464)
(3112,465)
(3113,466)
(3114,467)
(3115,468)
(3116,469)
(3117,470)
(3118,471)
(3119,472)
(3120,473)
(3121,474)
(3122,475)
(3123,476)
(3124,477)
(3125,478)
(3126,479)
(3127,480)
(3128,481)
(3129,482)
(3130,483)
(3131,484)
(3132,485)
(3133,486)
(3134,487)
(3135,488)
(3136,489)
(3137,490)
(3138,491)
(3139,492)
(3140,493)
(3141,494)
(3142,495)
(3143,496)
(3144,497)
(3145,498)
(3146,499)
(3147,500)
(3148,501)
(3149,502)
(3150,503)
(3151,504)
(3152,505)
(3153,506)
(3154,507)
(3155,508)
(3156,509)
(3157,510)
(3158,511)
(3159,512)
(3160,513)
(3161,514)
(3162,515)
(3163,516)
(3164,517)
(3165,518)
(3166,519)
(3167,520)
(3168,521)
(3169,522)
(3170,523)
(3171,524)
(3172,525)
(3173,526)
(3174,527)
(3175,528)
(3176,529)
(3177,530)
(3178,531)
(3179,532)
(3180,533)
(3181,534)
(3182,535)
(3183,536)
(3184,537)
(3185,538)
(3186,539)
(3187,540)
(3188,541)
(3189,542)
(3190,543)
(3191,544)
(3192,545)
(3193,546)
(3194,547)
(3195,548)
(3196,549)
(3197,550)
(3198,551)
(3199,552)
(3200,553)
(3201,554)
(3202,555)
(3203,556)
(3204,557)
(3205,558)
(3206,559)
(3207,560)
(3208,561)
(3209,562)
(3210,563)
(3211,564)
(3212,565)
(3213,566)
(3214,567)
(3215,568)
(3216,569)
(3217,570)
(3218,571)
(3219,572)
(3220,573)
(3221,574)
(3222,575)
(3223,576)
(3224,577)
(3225,578)
(3226,579)
(3227,580)
(3228,581)
(3229,582)
(3230,583)
(3231,584)
(3232,585)
(3233,586)
(3234,587)
(3235,588)
(3236,589)
(3237,590)
(3238,591)
(3239,592)
(3240,593)
(3241,594)
(3242,595)
(3243,596)
(3244,597)
(3245,598)
(3246,599)
(3247,600)
(3248,601)
(3249,602)
(3250,603)
(3251,604)
(3252,605)
(3253,606)
(3254,607)
(3255,608)
(3256,609)
(3257,610)
(3258,611)
(3259,612)
(3260,613)
(3261,614)
(3262,615)
(3263,616)
(3264,617)
(3265,618)
(3266,619)
(3267,620)
(3268,621)
(3269,622)
(3270,623)
(3271,624)
(3272,625)
(3273,626)
(3274,627)
(3275,628)
(3276,629)
(3277,630)
(3278,631)
(3279,632)
(3280,633)
(3281,634)
(3282,635)
(3283,636)
(3284,637)
(3285,638)
(3286,639)
(3287,640)
(3288,641)
(3289,642)
(3290,643)
(3291,644)
(3292,645)
(3293,646)
(3294,647)
(3295,648)
(3296,649)
(3297,650)
(3298,651)
(3299,652)
(3300,653)
(3301,654)
(3302,655)
(3303,656)
(3304,657)
(3305,658)
(3306,659)
(3307,660)
(3308,661)
(3309,662)
(3310,663)
(3311,664)
(3312,665)
(3313,666)
(3314,667)
(3315,668)
(3316,669)
(3317,670)
(3318,671)
(3319,672)
(3320,673)
(3321,674)
(3322,675)
(3323,676)
(3324,677)
(3325,678)
(3326,679)
(3327,680)
(3328,681)
(3329,682)
(3330,683)
(3331,684)
(3332,685)
(3333,686)
(3334,687)
(3335,688)
(3336,689)
(3337,690)
(3338,691)
(3339,692)
(3340,693)
(3341,694)
(3342,695)
(3343,696)
(3344,697)
(3345,698)
(3346,699)
(3347,700)
(3348,701)
(3349,702)
(3350,703)
(3351,704)
(3352,705)
(3353,706)
(3354,708)
(3355,709)
(3356,710)
(3357,711)
(3358,712)
(3359,713)
(3360,714)
(3361,715)
(3362,716)
(3363,717)
(3364,718)
(3365,719)
(3366,720)
(3367,721)
(3368,722)
(3369,723)
(3370,724)
(3371,725)
(3372,726)
(3373,727)
(3374,728)
(3375,729)
(3376,730)
(3377,731)
(3378,732)
(3379,733)
(3380,734)
(3381,735)
(3382,736)
(3383,737)
(3384,738)
(3385,739)
(3386,740)
(3387,741)
(3388,742)
(3389,743)
(3390,744)
(3391,745)
(3392,746)
(3393,747)
(3394,748)
(3395,749)
(3396,750)
(3397,751)
(3398,752)
(3399,753)
(3400,754)
(3401,755)
(3402,756)
(3403,757)
(3404,758)
(3405,759)
(3406,760)
(3407,761)
(3408,762)
(3409,763)
(3410,764)
(3411,765)
(3412,766)
(3413,767)
(3414,768)
(3415,769)
(3416,770)
(3417,771)
(3418,772)
(3419,773)
(3420,774)
(3421,775)
(3422,776)
(3423,777)
(3424,778)
(3425,779)
(3426,780)
(3427,781)
(3428,782)
(3429,783)
(3430,784)
(3431,785)
(3432,786)
(3433,787)
(3434,788)
(3435,789)
(3436,790)
(3437,791)
(3438,792)
(3439,793)
(3440,794)
(3441,795)
(3442,796)
(3443,797)
(3444,798)
(3445,799)
(3446,800)
(3447,801)
(3448,802)
(3449,803)
(3450,804)
(3451,805)
(3452,806)
(3453,807)
(3454,808)
(3455,809)
(3456,810)
(3457,811)
(3458,812)
(3459,813)
(3460,814)
(3461,815)
(3462,816)
(3463,817)
(3464,818)
(3465,819)
(3466,820)
(3467,821)
(3468,822)
(3469,823)
(3470,824)
(3471,825)
(3472,826)
(3473,827)
(3474,828)
(3475,829)
(3476,830)
(3477,831)
(3478,832)
(3479,833)
(3480,834)
(3481,835)
(3482,836)
(3483,837)
(3484,838)
(3485,839)
(3486,840)
(3487,841)
(3488,842)
(3489,843)
(3490,844)
(3491,845)
(3492,846)
(3493,847)
(3494,848)
(3495,849)
(3496,850)
(3497,851)
(3498,852)
(3499,853)
(3500,854)
(3501,855)
(3502,856)
(3503,857)
(3504,858)
(3505,859)
(3506,860)
(3507,861)
(3508,862)
(3509,863)
(3510,864)
(3511,865)
(3512,866)
(3513,867)
(3514,868)
(3515,869)
(3516,870)
(3517,871)
(3518,872)
(3519,873)
(3520,874)
(3521,875)
(3522,876)
(3523,877)
(3524,878)
(3525,879)
(3526,880)
(3527,881)
(3528,882)
(3529,883)
(3530,884)
(3531,885)
(3532,886)
(3533,887)
(3534,888)
(3535,889)
(3536,890)
(3537,891)
(3538,892)
(3539,893)
(3540,894)
(3541,895)
(3542,896)
(3543,897)
(3544,898)
(3545,899)
(3546,900)
(3547,901)
(3548,902)
(3549,903)
(3550,904)
(3551,905)
(3552,906)
(3553,907)
(3554,908)
(3555,909)
(3556,910)
(3557,911)
(3558,912)
(3559,913)
(3560,914)
(3561,915)
(3562,916)
(3563,917)
(3564,918)
(3565,919)
(3566,920)
(3567,921)
(3568,922)
(3569,923)
(3570,924)
(3571,925)
(3572,926)
(3573,927)
(3574,928)
(3575,929)
(3576,930)
(3577,931)
(3578,932)
(3579,933)
(3580,934)
(3581,935)
(3582,936)
(3583,937)
(3584,938)
(3585,939)
(3586,940)
(3587,941)
(3588,942)
(3589,943)
(3590,944)
(3591,945)
(3592,946)
(3593,947)
(3594,948)
(3595,949)
(3596,950)
(3597,951)
(3598,952)
(3599,953)
(3600,954)
(3601,955)
(3602,956)
(3603,957)
(3604,958)
(3605,959)
(3606,960)
(3607,961)
(3608,962)
(3609,963)
(3610,964)
(3611,965)
(3612,966)
(3613,967)
(3614,968)
(3615,969)
(3616,970)
(3617,971)
(3618,972)
(3619,973)
(3620,974)
(3621,975)
(3622,976)
(3623,977)
(3624,978)
(3625,979)
(3626,980)
(3627,981)
(3628,982)
(3629,983)
(3630,984)
(3631,985)
(3632,986)
(3633,987)
(3634,988)
(3635,989)
(3636,990)
(3637,991)
(3638,992)
(3639,993)
(3640,994)
(3641,995)
(3642,996)
(3643,997)
(3644,998)
(3645,999)
(3646,1000)
(3647,1001)
(3648,1002)
(3649,1003)
(3650,1004)
(3651,1005)
(3652,1006)
(3653,1007)
(3654,1008)
(3655,1009)
(3656,1010)
(3657,1011)
(3658,1012)
(3659,1013)
(3660,1014)
(3661,1015)
(3662,1016)
(3663,1017)
(3664,1018)
(3665,1019)
(3666,1020)
(3667,1021)
(3668,1022)
(3669,1023)
(3670,1024)
(3671,1025)
(3672,1026)
(3673,1027)
(3674,1028)
(3675,1029)
(3676,1030)
(3677,1031)
(3678,1032)
(3679,1033)
(3680,1034)
(3681,1035)
(3682,1036)
(3683,1037)
(3684,1038)
(3685,1039)
(3686,1040)
(3687,1041)
(3688,1042)
(3689,1043)
(3690,1044)
(3691,1045)
(3692,1046)
(3693,1047)
(3694,1048)
(3695,1049)
(3696,1050)
(3697,1051)
(3698,1052)
(3699,1053)
(3700,1054)
(3701,1055)
(3702,1056)
(3703,1057)
(3704,1058)
(3705,1059)
(3706,1060)
(3707,1061)
(3708,1062)
(3709,1063)
(3710,1064)
(3711,1065)
(3712,1066)
(3713,1067)
(3714,1068)
(3715,1069)
(3716,1070)
(3717,1071)
(3718,1072)
(3719,1073)
(3720,1074)
(3721,1075)
(3722,1076)
(3723,1077)
(3724,1078)
(3725,1079)
(3726,1080)
(3727,1081)
(3728,1082)
(3729,1083)
(3730,1084)
(3731,1085)
(3732,1086)
(3733,1087)
(3734,1088)
(3735,1089)
(3736,1090)
(3737,1091)
(3738,1092)
(3739,1093)
(3740,1094)
(3741,1095)
(3742,1096)
(3743,1097)
(3744,1098)
(3745,1099)
(3746,1100)
(3747,1101)
(3748,1102)
(3749,1103)
(3750,1104)
(3751,1105)
(3752,1106)
(3753,1107)
(3754,1108)
(3755,1109)
(3756,1110)
(3757,1111)
(3758,1112)
(3759,1113)
(3760,1114)
(3761,1115)
(3762,1116)
(3763,1117)
(3764,1118)
(3765,1119)
(3766,1120)
(3767,1121)
(3768,1122)
(3769,1123)
(3770,1124)
(3771,1125)
(3772,1126)
(3773,1127)
(3774,1128)
(3775,1129)
(3776,1130)
(3777,1131)
(3778,1132)
(3779,1133)
(3780,1134)
(3781,1135)
(3782,1136)
(3783,1137)
(3784,1138)
(3785,1139)
(3786,1140)
(3787,1141)
(3788,1142)
(3789,1143)
(3790,1144)
(3791,1145)
(3792,1146)
(3793,1147)
(3794,1148)
(3795,1149)
(3796,1150)
(3797,1151)
(3798,1152)
(3799,1153)
(3800,1154)
(3801,1155)
(3802,1156)
(3803,1157)
(3804,1158)
(3805,1159)
(3806,1160)
(3807,1161)
(3808,1162)
(3809,1163)
(3810,1164)
(3811,1165)
(3812,1166)
(3813,1167)
(3814,1168)
(3815,1169)
(3816,1170)
(3817,1171)
(3818,1172)
(3819,1173)
(3820,1174)
(3821,1175)
(3822,1176)
(3823,1177)
(3824,1178)
(3825,1179)
(3826,1180)
(3827,1181)
(3828,1182)
(3829,1183)
(3830,1184)
(3831,1185)
(3832,1186)
(3833,1187)
(3834,1188)
(3835,1189)
(3836,1190)
(3837,1191)
(3838,1192)
(3839,1193)
(3840,1194)
(3841,1195)
(3842,1196)
(3843,1197)
(3844,1198)
(3845,1199)
(3846,1200)
(3847,1201)
(3848,1202)
(3849,1203)
(3850,1204)
(3851,1205)
(3852,1206)
(3853,1207)
(3854,1208)
(3855,1209)
(3856,1210)
(3857,1211)
(3858,1212)
(3859,1213)
(3860,1214)
(3861,1215)
(3862,1216)
(3863,1217)
(3864,1218)
(3865,1219)
(3866,1220)
(3867,1221)
(3868,1222)
(3869,1223)
(3870,1224)
(3871,1225)
(3872,1226)
(3873,1227)
(3874,1228)
(3875,1229)
(3876,1230)
(3877,1231)
(3878,1232)
(3879,1233)
(3880,1234)
(3881,1235)
(3882,1236)
(3883,1237)
(3884,1238)
(3885,1239)
(3886,1240)
(3887,1241)
(3888,1242)
(3889,1243)
(3890,1244)
(3891,1245)
(3892,1246)
(3893,1247)
(3894,1248)
(3895,1249)
(3896,1250)
(3897,1251)
(3898,1252)
(3899,1253)
(3900,1254)
(3901,1255)
(3902,1256)
(3903,1257)
(3904,1258)
(3905,1259)
(3906,1260)
(3907,1261)
(3908,1262)
(3909,1263)
(3910,1264)
(3911,1265)
(3912,1266)
(3913,1267)
(3914,1268)
(3915,1269)
(3916,1270)
(3917,1271)
(3918,1272)
(3919,1273)
(3920,1274)
(3921,1275)
(3922,1276)
(3923,1277)
(3924,1278)
(3925,1279)
(3926,1280)
(3927,1281)
(3928,1282)
(3929,1283)
(3930,1284)
(3931,1285)
(3932,1286)
(3933,1287)
(3934,1288)
(3935,1289)
(3936,1290)
(3937,1291)
(3938,1292)
(3939,1293)
(3940,1294)
(3941,1295)
(3942,1296)
(3943,1297)
(3944,1298)
(3945,1299)
(3946,1300)
(3947,1301)
(3948,1302)
(3949,1303)
(3950,1304)
(3951,1305)
(3952,1306)
(3953,1307)
(3954,1308)
(3955,1309)
(3956,1310)
(3957,1311)
(3958,1312)
(3959,1313)
(3960,1314)
(3961,1315)
(3962,1316)
(3963,1317)
(3964,1318)
(3965,1319)
(3966,1320)
(3967,1321)
(3968,1322)
(3969,1323)
(3970,1324)
(3971,1325)
(3972,1326)
(3973,1327)
(3974,1328)
(3975,1329)
(3976,1330)
(3977,1331)
(3978,1332)
(3979,1333)
(3980,1334)
(3981,1335)
(3982,1336)
(3983,1337)
(3984,1338)
(3985,1339)
(3986,1340)
(3987,1341)
(3988,1342)
(3989,1343)
(3990,1344)
(3991,1345)
(3992,1346)
(3993,1347)
(3994,1348)
(3995,1349)
(3996,1350)
(3997,1351)
(3998,1352)
(3999,1353)
(4000,1354)
(4001,1355)
(4002,1356)
(4003,1357)
(4004,1358)
(4005,1359)
(4006,1360)
(4007,1361)
(4008,1362)
(4009,1363)
(4010,1364)
(4011,1365)
(4012,1366)
(4013,1367)
(4014,1368)
(4015,1369)
(4016,1370)
(4017,1371)
(4018,1372)
(4019,1373)
(4020,1374)
(4021,1375)
(4022,1376)
(4023,1377)
(4024,1378)
(4025,1379)
(4026,1380)
(4027,1381)
(4028,1382)
(4029,1383)
(4030,1384)
(4031,1385)
(4032,1386)
(4033,1387)
(4034,1388)
(4035,1389)
(4036,1390)
(4037,1391)
(4038,1392)
(4039,1393)
(4040,1394)
(4041,1395)
(4042,1396)
(4043,1397)
(4044,1398)
(4045,1399)
(4046,1400)
(4047,1401)
(4048,1402)
(4049,1403)
(4050,1404)
(4051,1405)
(4052,1406)
(4053,1407)
(4054,1408)
(4055,1409)
(4056,1410)
(4057,1411)
(4058,1412)
(4059,1413)
(4060,1414)
(4061,1415)
(4062,1416)
(4063,1417)
(4064,1418)
(4065,1419)
(4066,1420)
(4067,1421)
(4068,1422)
(4069,1423)
(4070,1424)
(4071,1425)
(4072,1426)
(4073,1427)
(4074,1428)
(4075,1429)
(4076,1430)
(4077,1431)
(4078,1432)
(4079,1433)
(4080,1434)
(4081,1435)
(4082,1436)
(4083,1437)
(4084,1438)
(4085,1439)
(4086,1440)
(4087,1441)
(4088,1442)
(4089,1443)
(4090,1444)
(4091,1445)
(4092,1446)
(4093,1447)
(4094,1448)
(4095,1449)
(4096,1450)
(4097,1451)
(4098,1452)
(4099,1453)
(4100,1454)
(4101,1455)
(4102,1456)
(4103,1457)
(4104,1458)
(4105,1459)
(4106,1460)
(4107,1461)
(4108,1462)
(4109,1463)
(4110,1464)
(4111,1465)
(4112,1466)
(4113,1467)
(4114,1468)
(4115,1469)
(4116,1470)
(4117,1471)
(4118,1472)
(4119,1473)
(4120,1474)
(4121,1475)
(4122,1476)
(4123,1477)
(4124,1478)
(4125,1479)
(4126,1480)
(4127,1481)
(4128,1482)
(4129,1483)
(4130,1484)
(4131,1485)
(4132,1486)
(4133,1487)
(4134,1488)
(4135,1489)
(4136,1490)
(4137,1491)
(4138,1492)
(4139,1493)
(4140,1494)
(4141,1495)
(4142,1496)
(4143,1497)
(4144,1498)
(4145,1499)
(4146,1500)
(4147,1501)
(4148,1502)
(4149,1503)
(4150,1504)
(4151,1505)
(4152,1506)
(4153,1507)
(4154,1508)
(4155,1509)
(4156,1510)
(4157,1511)
(4158,1512)
(4159,1513)
(4160,1514)
(4161,1515)
(4162,1516)
(4163,1517)
(4164,1518)
(4165,1519)
(4166,1520)
(4167,1521)
(4168,1522)
(4169,1523)
(4170,1524)
(4171,1525)
(4172,1526)
(4173,1527)
(4174,1528)
(4175,1529)
(4176,1530)
(4177,1531)
(4178,1532)
(4179,1533)
(4180,1534)
(4181,1535)
(4182,1536)
(4183,1537)
(4184,1538)
(4185,1539)
(4186,1540)
(4187,1541)
(4188,1542)
(4189,1543)
(4190,1544)
(4191,1545)
(4192,1546)
(4193,1547)
(4194,1548)
(4195,1549)
(4196,1550)
(4197,1551)
(4198,1552)
(4199,1553)
(4200,1554)
(4201,1555)
(4202,1556)
(4203,1557)
(4204,1558)
(4205,1559)
(4206,1560)
(4207,1561)
(4208,1562)
(4209,1563)
(4210,1564)
(4211,1565)
(4212,1566)
(4213,1567)
(4214,1568)
(4215,1569)
(4216,1570)
(4217,1571)
(4218,1572)
(4219,1573)
(4220,1574)
(4221,1575)
(4222,1576)
(4223,1577)
(4224,1578)
(4225,1579)
(4226,1580)
(4227,1581)
(4228,1582)
(4229,1583)
(4230,1584)
(4231,1585)
(4232,1586)
(4233,1587)
(4234,1588)
(4235,1589)
(4236,1590)
(4237,1591)
(4238,1592)
(4239,1593)
(4240,1594)
(4241,1595)
(4242,1596)
(4243,1597)
(4244,1598)
(4245,1599)
(4246,1600)
(4247,1601)
(4248,1602)
(4249,1603)
(4250,1604)
(4251,1605)
(4252,1606)
(4253,1607)
(4254,1608)
(4255,1609)
(4256,1610)
(4257,1611)
(4258,1612)
(4259,1613)
(4260,1614)
(4261,1615)
(4262,1616)
(4263,1617)
(4264,1618)
(4265,1619)
(4266,1620)
(4267,1621)
(4268,1622)
(4269,1623)
(4270,1624)
(4271,1625)
(4272,1626)
(4273,1627)
(4274,1628)
(4275,1629)
(4276,1630)
(4277,1631)
(4278,1632)
(4279,1633)
(4280,1634)
(4281,1635)
(4282,1636)
(4283,1637)
(4284,1638)
(4285,1639)
(4286,1640)
(4287,1641)
(4288,1642)
(4289,1643)
(4290,1644)
(4291,1645)
(4292,1646)
(4293,1647)
(4294,1648)
(4295,1649)
(4296,1650)
(4297,1651)
(4298,1652)
(4299,1653)
(4300,1654)
(4301,1655)
(4302,1656)
(4303,1657)
(4304,1658)
(4305,1659)
(4306,1660)
(4307,1661)
(4308,1662)
(4309,1663)
(4310,1664)
(4311,1665)
(4312,1666)
(4313,1667)
(4314,1668)
(4315,1669)
(4316,1670)
(4317,1671)
(4318,1672)
(4319,1673)
(4320,1674)
(4321,1675)
(4322,1676)
(4323,1677)
(4324,1678)
(4325,1679)
(4326,1680)
(4327,1681)
(4328,1682)
(4329,1683)
(4330,1684)
(4331,1685)
(4332,1686)
(4333,1687)
(4334,1688)
(4335,1689)
(4336,1690)
(4337,1691)
(4338,1692)
(4339,1693)
(4340,1694)
(4341,1695)
(4342,1696)
(4343,1697)
(4344,1698)
(4345,1699)
(4346,1700)
(4347,1701)
(4348,1702)
(4349,1703)
(4350,1704)
(4351,1705)
(4352,1706)
(4353,1707)
(4354,1708)
(4355,1709)
(4356,1710)
(4357,1711)
(4358,1712)
(4359,1713)
(4360,1714)
(4361,1715)
(4362,1716)
(4363,1717)
(4364,1718)
(4365,1719)
(4366,1720)
(4367,1721)
(4368,1722)
(4369,1723)
(4370,1724)
(4371,1725)
(4372,1726)
(4373,1727)
(4374,1728)
(4375,1729)
(4376,1730)
(4377,1731)
(4378,1732)
(4379,1733)
(4380,1734)
(4381,1735)
(4382,1736)
(4383,1737)
(4384,1738)
(4385,1739)
(4386,1740)
(4387,1741)
(4388,1742)
(4389,1743)
(4390,1744)
(4391,1745)
(4392,1746)
(4393,1747)
(4394,1748)
(4395,1749)
(4396,1750)
(4397,1751)
(4398,1752)
(4399,1753)
(4400,1754)
(4401,1755)
(4402,1756)
(4403,1757)
(4404,1758)
(4405,1759)
(4406,1760)
(4407,1761)
(4408,1762)
(4409,1763)
(4410,1764)
(4411,1765)
(4412,1766)
(4413,1767)
(4414,1768)
(4415,1769)
(4416,1770)
(4417,1771)
(4418,1772)
(4419,1773)
(4420,1774)
(4421,1775)
(4422,1776)
(4423,1777)
(4424,1778)
(4425,1779)
(4426,1780)
(4427,1781)
(4428,1782)
(4429,1783)
(4430,1784)
(4431,1785)
(4432,1786)
(4433,1787)
(4434,1788)
(4435,1789)
(4436,1790)
(4437,1791)
(4438,1792)
(4439,1793)
(4440,1794)
(4441,1795)
(4442,1796)
(4443,1797)
(4444,1798)
(4445,1799)
(4446,1800)
(4447,1801)
(4448,1802)
(4449,1803)
(4450,1804)
(4451,1805)
(4452,1806)
(4453,1807)
(4454,1808)
(4455,1809)
(4456,1810)
(4457,1811)
(4458,1812)
(4459,1813)
(4460,1814)
(4461,1815)
(4462,1816)
(4463,1817)
(4464,1818)
(4465,1819)
(4466,1820)
(4467,1821)
(4468,1822)
(4469,1823)
(4470,1824)
(4471,1825)
(4472,1826)
(4473,1827)
(4474,1828)
(4475,1829)
(4476,1830)
(4477,1831)
(4478,1832)
(4479,1833)
(4480,1834)
(4481,1835)
(4482,1836)
(4483,1837)
(4484,1838)
(4485,1839)
(4486,1840)
(4487,1841)
(4488,1842)
(4489,1843)
(4490,1844)
(4491,1845)
(4492,1846)
(4493,1847)
(4494,1848)
(4495,1849)
(4496,1850)
(4497,1851)
(4498,1852)
(4499,1853)
(4500,1854)
(4501,1855)
(4502,1856)
(4503,1857)
(4504,1858)
(4505,1859)
(4506,1860)
(4507,1861)
(4508,1862)
(4509,1863)
(4510,1864)
(4511,1865)
(4512,1866)
(4513,1867)
(4514,1868)
(4515,1869)
(4516,1870)
(4517,1871)
(4518,1872)
(4519,1873)
(4520,1874)
(4521,1875)
(4522,1876)
(4523,1877)
(4524,1878)
(4525,1879)
(4526,1880)
(4527,1881)
(4528,1882)
(4529,1883)
(4530,1884)
(4531,1885)
(4532,1886)
(4533,1887)
(4534,1888)
(4535,1889)
(4536,1890)
(4537,1891)
(4538,1892)
(4539,1893)
(4540,1894)
(4541,1895)
(4542,1896)
(4543,1897)
(4544,1898)
(4545,1899)
(4546,1900)
(4547,1901)
(4548,1902)
(4549,1903)
(4550,1904)
(4551,1905)
(4552,1906)
(4553,1907)
(4554,1908)
(4555,1909)
(4556,1910)
(4557,1911)
(4558,1912)
(4559,1913)
(4560,1914)
(4561,1915)
(4562,1916)
(4563,1917)
(4564,1918)
(4565,1919)
(4566,1920)
(4567,1921)
(4568,1922)
(4569,1923)
(4570,1924)
(4571,1925)
(4572,1926)
(4573,1927)
(4574,1928)
(4575,1929)
(4576,1930)
(4577,1931)
(4578,1932)
(4579,1933)
(4580,1934)
(4581,1935)
(4582,1936)
(4583,1937)
(4584,1938)
(4585,1939)
(4586,1940)
